33,3
33,2
33,1
33,0
0,390
0,389
32,5
0,388
0,387
0,386
32,4
32,3
32,2
32,1
32,0
0,385
0,384
31,4
31,3
31,2
31,1
31,0
0,319
0,318
30,3
30,2
30,1
30,0
0,317
0,316
29,4
29,3
29,2
0,283
0,243
29,1
29,0
28,3
28,2
0,9
28,1
28,0
27,52
27,51
27,50
27,49
27,48
27,47
27,46
27,45
27,44
27,43
27,42
27,41
27,40
27,39
27,38
27,37
27,36
27,35
8,17
8,8
8,9
8,7
8,6
8,5
9,6
9,4
4,26
4,25
6,5
6,4
7,8
7,7
17,2
17,1
17,3
15,2
15,1
15,3
16,2
16,1
16,3
13,2
14,2
4,39
4,40
4,4
4,8
4,86
4,77
4,69
4,18
4,10
4,24
4,1
4,36
4,2
4,3
